1970.26 97.91 1.83
1957.34 108.66 4.0
1924.97 138.44 6.59
1889.37 170.5 10.13
1848.25 207.71 14.04
1801.41 249.35 19.24
1749.59 294.85 25.56
1691.02 345.9 33.08
1626.93 401.18 41.89
1558.88 458.96 52.16
1484.6 522.05 63.35
1406.66 587.21 76.13
1323.04 656.44 90.52
1239.62 723.85 106.53
1154.74 790.38 124.88
1067.66 857.31 145.03
981.13 922.14 166.73
897.74 982.06 190.2
815.13 1040.21 214.66
736.81 1092.63 240.56
662.6 1138.82 268.58
590.36 1182.6 297.04
523.32 1220.13 326.55
462.69 1250.78 356.53
406.13 1275.59 388.28
355.2 1295.38 419.42
309.7 1308.21 452.09
269.12 1315.51 485.37
232.65 1319.71 517.64
199.55 1319.35 551.1
171.56 1314.13 584.31
146.2 1306.26 617.54
124.3 1294.77 650.93
105.9 1281.07 683.03
89.98 1264.54 715.48
76.3 1246.29 747.41
64.96 1227.16 777.88
55.12 1206.87 808.01
46.39 1185.17 838.44
39.29 1161.29 869.42
33.63 1137.79 898.58
28.58 1114.25 927.17
24.45 1090.89 954.66
20.77 1068.0 981.23
17.71 1044.22 1008.07
14.98 1020.68 1034.34
12.67 997.71 1059.62
10.97 974.41 1084.62
9.29 951.52 1109.19
7.94 930.12 1131.94
6.77 907.66 1155.57
5.91 885.65 1178.44
5.27 863.92 1200.81
4.6 842.5 1222.9
4.17 821.82 1244.01
3.67 801.97 1264.36
3.23 782.58 1284.19
2.83 763.73 1303.44
2.57 745.3 1322.13
2.32 726.85 1340.83
2.05 709.2 1358.75
1.9 690.94 1377.16
1.73 674.6 1393.67
1.57 658.14 1410.29
1.44 641.79 1426.77
1.36 625.71 1442.93
1.2 610.79 1458.01
1.11 595.4 1473.49
1.0 580.56 1488.44
0.97 566.28 1502.75
0.87 552.94 1516.19
0.84 538.96 1530.2
0.78 525.52 1543.7
0.73 512.57 1556.7
0.68 499.86 1569.46
0.63 486.8 1582.57
0.6 474.24 1595.16
0.57 462.68 1606.75
0.53 450.81 1618.66
0.52 439.84 1629.64
0.49 429.08 1640.43
0.44 418.36 1651.2
0.41 407.53 1662.06
0.37 397.8 1671.83
0.34 387.6 1682.06
0.32 378.07 1691.61
0.32 368.07 1701.61
0.31 359.01 1710.68
0.31 350.3 1719.39
0.28 341.72 1728.0
0.28 332.55 1737.17
0.27 324.16 1745.57
0.26 315.43 1754.31
0.25 307.53 1762.22
0.25 299.83 1769.92
0.25 291.96 1777.79
0.24 284.59 1785.17
0.21 277.08 1792.71
0.2 270.04 1799.76
0.19 263.66 1806.15
0.18 257.05 1812.77
0.18 250.66 1819.16
0.17 244.24 1825.59
0.17 238.3 1831.53
0.16 232.1 1837.74
0.16 226.32 1843.52
0.16 220.59 1849.25
0.16 215.08 1854.76
0.16 209.35 1860.49
0.16 204.0 1865.84
0.16 198.82 1871.02
0.16 193.69 1876.15
0.16 188.62 1881.22
0.15 183.76 1886.09
0.15 179.22 1890.63
0.15 174.78 1895.07
0.15 170.67 1899.18
0.13 166.2 1903.67
0.13 161.65 1908.22
0.12 157.92 1911.96
0.12 154.09 1915.79
0.12 149.88 1920.0
0.11 146.03 1923.86
0.11 142.39 1927.5
0.11 139.13 1930.76
0.11 135.88 1934.01
0.11 132.52 1937.37
0.11 129.15 1940.74
0.1 126.03 1943.87
0.1 123.08 1946.82
0.1 120.29 1949.61
0.09 117.45 1952.46
0.09 114.63 1955.28
0.09 111.71 1958.2
0.09 108.73 1961.18
0.09 105.93 1963.98
0.09 103.38 1966.53
0.09 100.84 1969.07
0.09 98.15 1971.76
0.09 95.85 1974.06
0.09 93.51 1976.4
0.09 90.94 1978.97
0.09 88.57 1981.34
0.09 86.62 1983.29
0.09 84.35 1985.56
0.09 81.98 1987.93
0.09 80.04 1989.87
0.09 78.1 1991.81
0.09 75.93 1993.98
0.09 73.94 1995.97
0.09 71.91 1998.0
0.09 70.14 1999.77
0.09 68.44 2001.47
0.09 66.79 2003.12
0.09 64.87 2005.04
0.09 63.26 2006.65
0.09 61.46 2008.45
0.09 59.98 2009.93
0.09 58.41 2011.5
0.09 57.15 2012.76
0.09 56.02 2013.89
0.08 54.55 2015.37
0.08 53.21 2016.71
0.08 51.92 2018.0
0.08 50.72 2019.2
0.08 49.6 2020.32
0.08 48.21 2021.71
0.08 46.96 2022.96
0.08 45.77 2024.15
0.08 44.79 2025.13
0.08 43.74 2026.18
0.08 42.89 2027.03
0.08 41.87 2028.05
0.07 40.94 2028.99
0.07 39.79 2030.14
0.07 38.63 2031.3
0.07 37.85 2032.08
0.07 36.98 2032.95
0.07 36.08 2033.85
0.07 35.21 2034.72
0.07 34.32 2035.61
0.07 33.5 2036.43
0.07 32.51 2037.42
0.07 31.58 2038.35
0.07 30.82 2039.11
0.07 30.08 2039.85
0.07 29.2 2040.73
0.07 28.51 2041.42
0.07 27.81 2042.12
0.07 26.99 2042.94
0.07 26.2 2043.73
0.07 25.6 2044.33
0.07 24.95 2044.98
0.07 24.36 2045.57
0.07 23.85 2046.08
0.07 23.21 2046.72
0.07 22.72 2047.21
0.07 22.25 2047.68
0.07 21.67 2048.26
0.07 21.22 2048.71
0.07 20.65 2049.28
0.07 20.12 2049.81
0.07 19.66 2050.27
0.07 18.99 2050.94
0.07 18.52 2051.41
0.07 18.05 2051.88
0.07 17.62 2052.31
0.07 17.05 2052.88
0.07 16.66 2053.27
0.07 16.28 2053.65
0.07 15.94 2053.99
0.07 15.6 2054.33
0.07 15.31 2054.62
0.07 15.01 2054.92
0.07 14.69 2055.24
0.07 14.33 2055.6
0.07 13.84 2056.09
0.07 13.61 2056.32
0.07 13.3 2056.63
0.07 12.95 2056.98
0.07 12.61 2057.32
0.07 12.14 2057.79
0.07 11.85 2058.08
0.07 11.64 2058.29
0.07 11.37 2058.56
0.07 11.05 2058.88
0.07 10.81 2059.12
0.07 10.59 2059.34
0.07 10.41 2059.52
0.07 10.21 2059.72
0.07 10.01 2059.92
0.07 9.78 2060.15
0.07 9.55 2060.38
0.07 9.38 2060.55
0.07 9.12 2060.81
0.07 8.87 2061.06
0.07 8.65 2061.28
0.07 8.34 2061.59
0.07 8.16 2061.77
0.07 7.9 2062.03
0.07 7.72 2062.21
0.07 7.56 2062.37
0.07 7.36 2062.57
0.07 7.2 2062.73
0.07 7.06 2062.87
0.07 6.85 2063.08
0.07 6.66 2063.27
0.07 6.48 2063.45
0.07 6.28 2063.65
0.07 6.13 2063.8
0.07 6.03 2063.9
0.07 5.91 2064.02
0.07 5.77 2064.16
0.07 5.62 2064.31
0.07 5.44 2064.49
0.07 5.3 2064.63
0.07 5.23 2064.7
0.07 5.14 2064.79
0.07 4.99 2064.94
0.07 4.85 2065.08
0.07 4.73 2065.2
0.07 4.63 2065.3
0.07 4.49 2065.44
0.07 4.4 2065.53
0.07 4.27 2065.66
0.07 4.14 2065.79
0.07 4.07 2065.86
0.07 4.0 2065.93
0.07 3.87 2066.06
0.07 3.78 2045.45
0.07 3.69 2045.54
0.07 3.59 2024.94
0.07 3.47 2025.06
0.07 3.38 2025.15
0.07 3.33 2025.2
0.07 3.3 2025.23
0.07 3.21 2025.32
0.07 3.13 2025.4
0.07 3.05 2025.48
0.07 2.99 2025.54
0.07 2.86 2025.67
0.07 2.82 2005.01
0.07 2.68 2005.15
0.07 2.59 2005.24
0.06 2.54 1984.6
0.06 2.49 1943.25
0.06 2.45 1943.29
0.06 2.41 1943.33
0.06 2.37 1922.67
0.06 2.27 1902.07
0.06 2.16 1902.18
0.06 2.12 1860.82
0.06 2.09 1840.15
0.06 2.03 1819.51
0.06 1.99 1798.85
0.06 1.92 1778.22
0.06 1.87 1757.57
0.06 1.83 1736.91
0.06 1.78 1736.96
0.06 1.69 1716.35
0.06 1.67 1674.97
0.06 1.59 1675.05
0.06 1.54 1675.1
0.06 1.52 1654.42
0.06 1.46 1654.48
0.06 1.45 1633.79
0.06 1.42 1633.82
0.06 1.4 1613.14
0.06 1.39 1613.15
0.06 1.32 1613.22
0.06 1.26 1571.88
0.06 1.22 1551.22
0.06 1.21 1509.83
0.06 1.21 1509.83
0.06 1.17 1509.87
0.06 1.15 1489.19
0.06 1.13 1447.81
0.06 1.11 1447.83
0.06 1.09 1447.85
0.06 1.07 1406.47
0.06 1.06 1385.78
0.06 1.03 1385.81
0.06 0.99 1365.15
0.06 0.95 1344.49
0.06 0.93 1282.41
0.06 0.92 1282.42
0.06 0.91 1282.43
0.06 0.89 1282.45
0.06 0.88 1261.76
0.06 0.88 1261.76
0.06 0.87 1261.77
0.06 0.85 1261.79
0.06 0.83 1261.81
0.06 0.82 1241.12
0.06 0.81 1220.43
0.06 0.79 1199.75
0.06 0.76 1179.08
0.06 0.75 1137.69
0.06 0.75 1137.69
0.06 0.7 1137.74
0.06 0.68 1075.66
0.05 0.67 1054.98
0.05 0.65 1034.3
0.05 0.64 1013.61
0.05 0.63 1013.62
0.05 0.6 1013.65
0.05 0.58 992.97
0.05 0.57 972.28
0.05 0.55 951.6
0.05 0.53 930.92
0.05 0.5 930.95
0.05 0.5 889.55
0.05 0.49 889.56
0.05 0.49 868.86
0.05 0.49 868.86
0.05 0.48 868.87
0.05 0.46 868.89
0.05 0.45 848.2
0.05 0.44 827.51
0.05 0.43 806.82
0.05 0.42 806.83
0.05 0.42 786.13
0.05 0.41 786.14
0.05 0.39 765.46
0.04 0.39 724.07
0.04 0.38 703.38
0.04 0.37 682.69
0.04 0.36 682.7
0.04 0.36 682.7
0.04 0.35 682.71
0.04 0.34 662.02
0.04 0.32 641.34
0.04 0.32 599.94
0.04 0.32 599.94
0.04 0.31 599.95
0.04 0.3 599.96
0.04 0.29 579.27
0.04 0.28 558.58
0.04 0.26 537.9
0.04 0.25 496.51
0.04 0.25 496.51
0.04 0.24 496.52
0.04 0.24 475.82
0.04 0.24 475.82
0.04 0.22 475.84
0.04 0.22 434.44
0.04 0.21 434.45
0.03 0.21 413.76
0.03 0.2 413.77
0.03 0.19 393.08
0.03 0.18 372.39
0.02 0.18 351.7
0.02 0.18 351.7
0.02 0.18 351.7
0.02 0.18 351.7
0.02 0.17 351.71
0.02 0.17 351.71
0.02 0.17 351.71
0.02 0.17 351.71
0.02 0.16 351.72
0.02 0.16 331.02
0.02 0.15 331.03
0.02 0.13 310.35
0.02 0.13 268.95
0.02 0.12 268.96
0.02 0.12 248.26
0.02 0.12 248.26
0.02 0.12 248.26
0.02 0.12 248.26
0.02 0.11 248.27
0.02 0.11 227.57
0.02 0.11 227.57
0.02 0.08 227.6
0.0 0.08 165.52
0.0 0.07 165.53
0.0 0.07 144.83
0.0 0.07 144.83
0.0 0.06 144.84
0.0 0.06 124.14
0.0 0.06 124.14
0.0 0.06 124.14
0.0 0.06 124.14
0.0 0.06 124.14
0.0 0.06 124.14
0.0 0.06 124.14
0.0 0.06 124.14
0.0 0.05 124.15
0.0 0.04 103.46
0.0 0.04 82.76
0.0 0.04 82.76
0.0 0.04 82.76
0.0 0.04 82.76
0.0 0.04 82.76
0.0 0.04 82.76
0.0 0.04 82.76
0.0 0.04 82.76
0.0 0.04 82.76
0.0 0.04 82.76
0.0 0.04 82.76
0.0 0.04 82.76
0.0 0.04 82.76
0.0 0.04 82.76
0.0 0.04 82.76
0.0 0.04 82.76
0.0 0.04 82.76
0.0 0.04 82.76
0.0 0.04 82.76
0.0 0.04 82.76
0.0 0.03 82.77
0.0 0.03 62.07
0.0 0.03 62.07
0.0 0.02 62.08
0.0 0.02 41.38
0.0 0.02 41.38
0.0 0.02 41.38
0.0 0.02 41.38
0.0 0.02 41.38
0.0 0.02 41.38
0.0 0.02 41.38
0.0 0.02 41.38
0.0 0.02 41.38
0.0 0.02 41.38
0.0 0.02 41.38
0.0 0.02 41.38
0.0 0.02 41.38
0.0 0.02 41.38
0.0 0.02 41.38
0.0 0.02 41.38
0.0 0.02 41.38
0.0 0.02 41.38
0.0 0.02 41.38
0.0 0.02 41.38
0.0 0.02 41.38
0.0 0.02 41.38
0.0 0.02 41.38
0.0 0.02 41.38
0.0 0.02 41.38
0.0 0.02 41.38
0.0 0.02 41.38
0.0 0.02 41.38
0.0 0.02 41.38
0.0 0.02 41.38
0.0 0.02 41.38
0.0 0.01 41.39
0.0 0.01 20.69
0.0 0.01 20.69
0.0 0.01 20.69
0.0 0.01 20.69
0.0 0.01 20.69
0.0 0.01 20.69
0.0 0.01 20.69
0.0 0.01 20.69
0.0 0.01 20.69
0.0 0.01 20.69
0.0 0.01 20.69
0.0 0.01 20.69
0.0 0.01 20.69
0.0 0.01 20.69
0.0 0.01 20.69
0.0 0.01 20.69
0.0 0.01 20.69
0.0 0.01 20.69
0.0 0.01 20.69
0.0 0.01 20.69
0.0 0.01 20.69
0.0 0.01 20.69
0.0 0.01 20.69
0.0 0.01 20.69
0.0 0.01 20.69
0.0 0.01 20.69
0.0 0.01 20.69
0.0 0.01 20.69
0.0 0.01 20.69
0.0 0.01 20.69
0.0 0.01 20.69
0.0 0.01 20.69
0.0 0.01 20.69
0.0 0.01 20.69
0.0 0.01 20.69
0.0 0.01 20.69
0.0 0.01 20.69
0.0 0.01 20.69
0.0 0.01 20.69
0.0 0.01 20.69
0.0 0.01 20.69
0.0 0.01 20.69
0.0 0.01 20.69
0.0 0.01 20.69
0.0 0.01 20.69
0.0 0.01 20.69
0.0 0.01 20.69
0.0 0.01 20.69
0.0 0.01 20.69
0.0 0.01 20.69
0.0 0.01 20.69
0.0 0.01 20.69
0.0 0.01 20.69
0.0 0.01 20.69
0.0 0.01 20.69
0.0 0.01 20.69
0.0 0.01 20.69
0.0 0.01 20.69
0.0 0.01 20.69
0.0 0.01 20.69
0.0 0.01 20.69
0.0 0.01 20.69
0.0 0.01 20.69
0.0 0.01 20.69
0.0 0.01 20.69
0.0 0.01 20.69
0.0 0.01 20.69
0.0 0.0 20.7
0.0 0.0 0.0
0.0 0.0 0.0
0.0 0.0 0.0
0.0 0.0 0.0
0.0 0.0 0.0
0.0 0.0 0.0
0.0 0.0 0.0
0.0 0.0 0.0
0.0 0.0 0.0
0.0 0.0 0.0
0.0 0.0 0.0
0.0 0.0 0.0
0.0 0.0 0.0
0.0 0.0 0.0
0.0 0.0 0.0
0.0 0.0 0.0
0.0 0.0 0.0
0.0 0.0 0.0
0.0 0.0 0.0
0.0 0.0 0.0
0.0 0.0 0.0
0.0 0.0 0.0
0.0 0.0 0.0
0.0 0.0 0.0
0.0 0.0 0.0
0.0 0.0 0.0
0.0 0.0 0.0
0.0 0.0 0.0
0.0 0.0 0.0
0.0 0.0 0.0
0.0 0.0 0.0
0.0 0.0 0.0
0.0 0.0 0.0
0.0 0.0 0.0
0.0 0.0 0.0
0.0 0.0 0.0
0.0 0.0 0.0
0.0 0.0 0.0
0.0 0.0 0.0
0.0 0.0 0.0
0.0 0.0 0.0
0.0 0.0 0.0
0.0 0.0 0.0
0.0 0.0 0.0
0.0 0.0 0.0
0.0 0.0 0.0
0.0 0.0 0.0
0.0 0.0 0.0
0.0 0.0 0.0
0.0 0.0 0.0
0.0 0.0 0.0
0.0 0.0 0.0
0.0 0.0 0.0
0.0 0.0 0.0
0.0 0.0 0.0
0.0 0.0 0.0
0.0 0.0 0.0
0.0 0.0 0.0
0.0 0.0 0.0
0.0 0.0 0.0
0.0 0.0 0.0
0.0 0.0 0.0
0.0 0.0 0.0
0.0 0.0 0.0
0.0 0.0 0.0
0.0 0.0 0.0
0.0 0.0 0.0
0.0 0.0 0.0
0.0 0.0 0.0
0.0 0.0 0.0
0.0 0.0 0.0
0.0 0.0 0.0
0.0 0.0 0.0
0.0 0.0 0.0
0.0 0.0 0.0
0.0 0.0 0.0
0.0 0.0 0.0
0.0 0.0 0.0
0.0 0.0 0.0
0.0 0.0 0.0
0.0 0.0 0.0
0.0 0.0 0.0
0.0 0.0 0.0
0.0 0.0 0.0
0.0 0.0 0.0
0.0 0.0 0.0
0.0 0.0 0.0
0.0 0.0 0.0
0.0 0.0 0.0
0.0 0.0 0.0
0.0 0.0 0.0
0.0 0.0 0.0
0.0 0.0 0.0
0.0 0.0 0.0
0.0 0.0 0.0
0.0 0.0 0.0
0.0 0.0 0.0
0.0 0.0 0.0
0.0 0.0 0.0
0.0 0.0 0.0
0.0 0.0 0.0
0.0 0.0 0.0
0.0 0.0 0.0
0.0 0.0 0.0
0.0 0.0 0.0
0.0 0.0 0.0
0.0 0.0 0.0
0.0 0.0 0.0
0.0 0.0 0.0
0.0 0.0 0.0
0.0 0.0 0.0
0.0 0.0 0.0
0.0 0.0 0.0
0.0 0.0 0.0
0.0 0.0 0.0
0.0 0.0 0.0
0.0 0.0 0.0
0.0 0.0 0.0
0.0 0.0 0.0
0.0 0.0 0.0
0.0 0.0 0.0
0.0 0.0 0.0
0.0 0.0 0.0
0.0 0.0 0.0
0.0 0.0 0.0
0.0 0.0 0.0
0.0 0.0 0.0
0.0 0.0 0.0
0.0 0.0 0.0
0.0 0.0 0.0
0.0 0.0 0.0
0.0 0.0 0.0
0.0 0.0 0.0
0.0 0.0 0.0
0.0 0.0 0.0
0.0 0.0 0.0
0.0 0.0 0.0
0.0 0.0 0.0
0.0 0.0 0.0
0.0 0.0 0.0
0.0 0.0 0.0
0.0 0.0 0.0
0.0 0.0 0.0
0.0 0.0 0.0
0.0 0.0 0.0
0.0 0.0 0.0
0.0 0.0 0.0
0.0 0.0 0.0
0.0 0.0 0.0
0.0 0.0 0.0
0.0 0.0 0.0
0.0 0.0 0.0
0.0 0.0 0.0
0.0 0.0 0.0
0.0 0.0 0.0
0.0 0.0 0.0
0.0 0.0 0.0
0.0 0.0 0.0
0.0 0.0 0.0
0.0 0.0 0.0
0.0 0.0 0.0
0.0 0.0 0.0
0.0 0.0 0.0
0.0 0.0 0.0
0.0 0.0 0.0
0.0 0.0 0.0
0.0 0.0 0.0
0.0 0.0 0.0
0.0 0.0 0.0
0.0 0.0 0.0
0.0 0.0 0.0
0.0 0.0 0.0
0.0 0.0 0.0
0.0 0.0 0.0
0.0 0.0 0.0
0.0 0.0 0.0
0.0 0.0 0.0
0.0 0.0 0.0
0.0 0.0 0.0
0.0 0.0 0.0
0.0 0.0 0.0
0.0 0.0 0.0
0.0 0.0 0.0
0.0 0.0 0.0
0.0 0.0 0.0
0.0 0.0 0.0
0.0 0.0 0.0
0.0 0.0 0.0
0.0 0.0 0.0
0.0 0.0 0.0
0.0 0.0 0.0
0.0 0.0 0.0
0.0 0.0 0.0
0.0 0.0 0.0
0.0 0.0 0.0
0.0 0.0 0.0
0.0 0.0 0.0
0.0 0.0 0.0
0.0 0.0 0.0
0.0 0.0 0.0
0.0 0.0 0.0
0.0 0.0 0.0
0.0 0.0 0.0
0.0 0.0 0.0
0.0 0.0 0.0
0.0 0.0 0.0
0.0 0.0 0.0
0.0 0.0 0.0
0.0 0.0 0.0
0.0 0.0 0.0
0.0 0.0 0.0
0.0 0.0 0.0
0.0 0.0 0.0
0.0 0.0 0.0
0.0 0.0 0.0
0.0 0.0 0.0
0.0 0.0 0.0
0.0 0.0 0.0
0.0 0.0 0.0
0.0 0.0 0.0
0.0 0.0 0.0
0.0 0.0 0.0
0.0 0.0 0.0
0.0 0.0 0.0
0.0 0.0 0.0
0.0 0.0 0.0
0.0 0.0 0.0
0.0 0.0 0.0
0.0 0.0 0.0
0.0 0.0 0.0
0.0 0.0 0.0
0.0 0.0 0.0
0.0 0.0 0.0
0.0 0.0 0.0
0.0 0.0 0.0
0.0 0.0 0.0
0.0 0.0 0.0
0.0 0.0 0.0
0.0 0.0 0.0
0.0 0.0 0.0
0.0 0.0 0.0
0.0 0.0 0.0
0.0 0.0 0.0
0.0 0.0 0.0
0.0 0.0 0.0
0.0 0.0 0.0
0.0 0.0 0.0
0.0 0.0 0.0
0.0 0.0 0.0
0.0 0.0 0.0
0.0 0.0 0.0
0.0 0.0 0.0
0.0 0.0 0.0
0.0 0.0 0.0
0.0 0.0 0.0
0.0 0.0 0.0
0.0 0.0 0.0
0.0 0.0 0.0
0.0 0.0 0.0
0.0 0.0 0.0
0.0 0.0 0.0
0.0 0.0 0.0
0.0 0.0 0.0
0.0 0.0 0.0
0.0 0.0 0.0
0.0 0.0 0.0
0.0 0.0 0.0
0.0 0.0 0.0
0.0 0.0 0.0
0.0 0.0 0.0
0.0 0.0 0.0
0.0 0.0 0.0
0.0 0.0 0.0
0.0 0.0 0.0
0.0 0.0 0.0
0.0 0.0 0.0
0.0 0.0 0.0
0.0 0.0 0.0
0.0 0.0 0.0
0.0 0.0 0.0
0.0 0.0 0.0
0.0 0.0 0.0
0.0 0.0 0.0
0.0 0.0 0.0
0.0 0.0 0.0
0.0 0.0 0.0
0.0 0.0 0.0
0.0 0.0 0.0
0.0 0.0 0.0
0.0 0.0 0.0
0.0 0.0 0.0
0.0 0.0 0.0
0.0 0.0 0.0
0.0 0.0 0.0
0.0 0.0 0.0
0.0 0.0 0.0
0.0 0.0 0.0
0.0 0.0 0.0
0.0 0.0 0.0
0.0 0.0 0.0
0.0 0.0 0.0
0.0 0.0 0.0
0.0 0.0 0.0
0.0 0.0 0.0
0.0 0.0 0.0
0.0 0.0 0.0
0.0 0.0 0.0
0.0 0.0 0.0
0.0 0.0 0.0
0.0 0.0 0.0
0.0 0.0 0.0
0.0 0.0 0.0
0.0 0.0 0.0
0.0 0.0 0.0
0.0 0.0 0.0
0.0 0.0 0.0
0.0 0.0 0.0
0.0 0.0 0.0
0.0 0.0 0.0
0.0 0.0 0.0
0.0 0.0 0.0
0.0 0.0 0.0
0.0 0.0 0.0
0.0 0.0 0.0
0.0 0.0 0.0
0.0 0.0 0.0
0.0 0.0 0.0
0.0 0.0 0.0
0.0 0.0 0.0
0.0 0.0 0.0
0.0 0.0 0.0
0.0 0.0 0.0
0.0 0.0 0.0
0.0 0.0 0.0
0.0 0.0 0.0
0.0 0.0 0.0
0.0 0.0 0.0
0.0 0.0 0.0
0.0 0.0 0.0
0.0 0.0 0.0
0.0 0.0 0.0
0.0 0.0 0.0
0.0 0.0 0.0
0.0 0.0 0.0
0.0 0.0 0.0
0.0 0.0 0.0
0.0 0.0 0.0
0.0 0.0 0.0
0.0 0.0 0.0
0.0 0.0 0.0
0.0 0.0 0.0
0.0 0.0 0.0
0.0 0.0 0.0
0.0 0.0 0.0
0.0 0.0 0.0
0.0 0.0 0.0
0.0 0.0 0.0
0.0 0.0 0.0
0.0 0.0 0.0
0.0 0.0 0.0
0.0 0.0 0.0
0.0 0.0 0.0
0.0 0.0 0.0
0.0 0.0 0.0
0.0 0.0 0.0
0.0 0.0 0.0
0.0 0.0 0.0
0.0 0.0 0.0
0.0 0.0 0.0
0.0 0.0 0.0
0.0 0.0 0.0
0.0 0.0 0.0
0.0 0.0 0.0
0.0 0.0 0.0
0.0 0.0 0.0
0.0 0.0 0.0
0.0 0.0 0.0
0.0 0.0 0.0
0.0 0.0 0.0
0.0 0.0 0.0
0.0 0.0 0.0
0.0 0.0 0.0
0.0 0.0 0.0
0.0 0.0 0.0
0.0 0.0 0.0
0.0 0.0 0.0
0.0 0.0 0.0
0.0 0.0 0.0
0.0 0.0 0.0
0.0 0.0 0.0
0.0 0.0 0.0
0.0 0.0 0.0
0.0 0.0 0.0
0.0 0.0 0.0
0.0 0.0 0.0
0.0 0.0 0.0
0.0 0.0 0.0
0.0 0.0 0.0
0.0 0.0 0.0
0.0 0.0 0.0
0.0 0.0 0.0
0.0 0.0 0.0
0.0 0.0 0.0
0.0 0.0 0.0
0.0 0.0 0.0
0.0 0.0 0.0
0.0 0.0 0.0
0.0 0.0 0.0
0.0 0.0 0.0
0.0 0.0 0.0
0.0 0.0 0.0
0.0 0.0 0.0
0.0 0.0 0.0
0.0 0.0 0.0
0.0 0.0 0.0
0.0 0.0 0.0
0.0 0.0 0.0
0.0 0.0 0.0
0.0 0.0 0.0
0.0 0.0 0.0
0.0 0.0 0.0
0.0 0.0 0.0
0.0 0.0 0.0
0.0 0.0 0.0
0.0 0.0 0.0
0.0 0.0 0.0
0.0 0.0 0.0
0.0 0.0 0.0
0.0 0.0 0.0
0.0 0.0 0.0
0.0 0.0 0.0
0.0 0.0 0.0
0.0 0.0 0.0
0.0 0.0 0.0
0.0 0.0 0.0
0.0 0.0 0.0
0.0 0.0 0.0
0.0 0.0 0.0
0.0 0.0 0.0
0.0 0.0 0.0
0.0 0.0 0.0
0.0 0.0 0.0
0.0 0.0 0.0
0.0 0.0 0.0
0.0 0.0 0.0
0.0 0.0 0.0
0.0 0.0 0.0
0.0 0.0 0.0
